0 1.18159274856,1638874323579057931
0 1.01151515643,1638874323678970098
0 0.815026895204,1638874323779125928
0 0.708740667501,1638874323879400014
1 -0.0307491416021,1638874323945278882
1 -0.0423908982136,1638874323968086004
0 0.69631148974,1638874323978813886
1 -0.0423819979725,1638874324003500938
1 -0.0423781198488,1638874324053824901
1 -0.0430143843296,1638874324077102899
0 0.723846153417,1638874324078807115
1 -0.0382959914719,1638874324092446088
1 -0.00388326918835,1638874324136400938
0 0.862861351171,1638874324179193973
1 0.0563658064063,1638874324193619012
1 0.0768279240714,1638874324234869003
1 0.112334063697,1638874324246300935
1 0.14813991888,1638874324266587972
0 1.02850033442,1638874324278861999
2 -0.0344127222835,1638874324293962955
1 0.20689003545,1638874324318208932
1 0.254163409513,1638874324366239070
0 1.1360156397,1638874324378978967
2 0.0136330535383,1638874324394001007
1 0.296727330227,1638874324410341024
1 0.302968000049,1638874324451097965
0 1.14433430234,1638874324479486942
2 0.0374009416652,1638874324494539022
1 0.304074367536,1638874324502844095
1 0.304028519632,1638874324510936021
1 0.295164425807,1638874324537399053
0 1.04462649027,1638874324578860044
1 0.274398961598,1638874324580703973
1 0.254438279668,1638874324592494010
2 -0.00420480433367,1638874324593836069
1 0.224093229966,1638874324623150110
1 0.186086996487,1638874324633276939
1 0.148459781116,1638874324671214103
0 0.864967362085,1638874324678864955
2 -0.0797849673839,1638874324694022893
1 0.0734208097444,1638874324730817079
1 0.00854919913365,1638874324776876926
0 0.719691292444,1638874324778930902
2 -0.138774484185,1638874324794085025
1 -0.0440764615582,1638874324814443111
1 -0.0662773175639,1638874324854190111
1 -0.084321192065,1638874324870160102
0 0.64811755816,1638874324878825902
2 -0.197651098713,1638874324893846035
1 -0.0964710161622,1638874324899776935
1 -0.104496177713,1638874324957264900
0 0.649481491246,1638874324979224920
1 -0.104714715758,1638874324990897893
2 -0.20209282312,1638874324993979930
1 -0.100021859723,1638874325062876939
0 0.764007703462,1638874325079197883
1 -0.0897967235795,1638874325089514017
2 -0.151142211709,1638874325093872070
1 -0.0634965419534,1638874325101244926
1 0.0400865206742,1638874325128774881
0 1.02453161875,1638874325179271936
1 0.0869497173142,1638874325181458950
2 -0.0697525296548,1638874325193959951
1 0.132030555792,1638874325246793985
1 0.181261021,1638874325261725902
1 0.261499148301,1638874325273782014
0 1.14402015606,1638874325279154062
2 0.000901332273556,1638874325293857097
1 0.279876957561,1638874325308919906
1 0.277600111957,1638874325348653078
0 1.0791235129,1638874325379528045
2 0.00927874612653,1638874325393978118
1 0.259184076087,1638874325398540019
1 0.195439889947,1638874325458097934
0 0.808696166673,1638874325479144096
2 -0.0952411586776,1638874325494294881
1 0.0748173922636,1638874325503747940
1 -0.0284542706652,1638874325530237913
1 -0.0684484151974,1638874325578380107
0 0.658137039342,1638874325579058885
1 -0.0938610512696,1638874325592480897
2 -0.181734416295,1638874325593796014
1 -0.102374185813,1638874325620450973
1 -0.107507095323,1638874325670121908
0 0.656509594121,1638874325679126024
2 -0.199948030758,1638874325694093942
1 -0.102586499125,1638874325724267959
1 -0.0884882935283,1638874325766021966
1 -0.0574085079316,1638874325778239965
0 0.84417922894,1638874325779176950
2 -0.124276983159,1638874325793917894
1 -0.0113591541194,1638874325801153898
1 0.0879377485955,1638874325851310968
0 1.07242645422,1638874325879251956
2 -0.0438339732471,1638874325894236087
1 0.165690231901,1638874325901947021
1 0.23699202517,1638874325938764095
0 1.14508150617,1638874325979140996
1 0.250910592199,1638874325983793973
2 0.00578272385137,1638874325994020938
1 0.270090119304,1638874326034972906
1 0.282810076628,1638874326073777914
0 1.16273103754,1638874326079271078
2 0.0437759662316,1638874326094116926
1 0.284116195116,1638874326119848966
1 0.28402311081,1638874326160428047
0 1.15613053838,1638874326179426908
2 0.0470531037744,1638874326194237947
1 0.284115735879,1638874326205661058
1 0.279631948797,1638874326269576072
0 1.04075177113,1638874326279349088
2 -0.00846209640696,1638874326293915033
1 0.26462060101,1638874326297197103
1 0.246202232143,1638874326308487892
1 0.224599875337,1638874326318432092
1 0.139109511425,1638874326340814113
0 0.821676270166,1638874326378995895
1 0.0444967800294,1638874326384898900
2 -0.0777721306104,1638874326394000053
1 -0.0288419840866,1638874326435035943
1 -0.0594908891158,1638874326478106021
0 0.672222153344,1638874326479095935
2 -0.179372181443,1638874326494115114
1 -0.10941565063,1638874326522272109
0 0.611867741742,1638874326579147100
1 -0.123813877253,1638874326579452037
1 -0.137263788345,1638874326592197895
2 -0.217870274795,1638874326593832969
1 -0.1467341726,1638874326606352090
1 -0.151851842562,1638874326616480112
1 -0.151224446345,1638874326647042989
0 0.609572486081,1638874326679332017
2 -0.226481139989,1638874326694432020
0 0.610024408498,1638874326699538946
1 -0.151185225404,1638874326703108072
2 -0.226566733639,1638874326714525938
0 0.611865953603,1638874326719603061
2 -0.225163003076,1638874326734570980
0 0.616413191953,1638874326739675998
1 -0.151328251444,1638874326748487949
2 -0.22493933434,1638874326754062891
0 0.625713483491,1638874326759273052
2 -0.218163839421,1638874326773890972
0 0.636314646402,1638874326779216051
1 -0.14052217216,1638874326786729097
2 -0.217868720238,1638874326793988943
0 0.650243059793,1638874326799261093
2 -0.211101476464,1638874326813895940
0 0.668995396295,1638874326819355964
1 -0.129320029711,1638874326826308965
2 -0.210925239324,1638874326833826065
0 0.695655421415,1638874326839205980
0 0.737142340341,1638874326859313964
2 -0.18812022488,1638874326874054908
0 0.791184560457,1638874326879246950
1 -0.0952388540187,1638874326881443977
0 0.842226938405,1638874326899180889
2 -0.139912852072,1638874326913973093
1 -0.0562170380406,1638874326916171073
0 0.882927672067,1638874326919238090
1 -0.00569076848175,1638874326930883884
0 0.920986072221,1638874326939135074
2 -0.0956579716243,1638874326953810930
0 0.95456852118,1638874326959165096
1 0.0719119244379,1638874326962240934
2 -0.0952533867575,1638874326973860025
0 0.995374635854,1638874326979212999
2 -0.0717249709214,1638874326994031906
0 1.03569240967,1638874326999454975
1 0.139534256257,1638874327009902000
2 -0.0520916158903,1638874327013715982
0 1.06698729197,1638874327019195079
2 -0.0315944602784,1638874327034104108
0 1.09191872279,1638874327039480924
1 0.17793590985,1638874327051738023
2 -0.0310288470493,1638874327053828001
0 1.11430443923,1638874327059204101
1 0.206746204035,1638874327065270900
2 0.00617939667071,1638874327073939085
0 1.13717921177,1638874327079277992
2 0.00720403219292,1638874327093835115
0 1.15901707212,1638874327099127054
1 0.229059020331,1638874327103820085
2 0.0339754199861,1638874327113931894
0 1.17620258132,1638874327119194984
2 0.0343748211471,1638874327134063005
0 1.19186733762,1638874327139214038
0 1.20351974765,1638874327159322977
1 0.253732641715,1638874327162036895
2 0.0539307975129,1638874327173873901
1 0.275311877299,1638874327177737951
0 1.21240942279,1638874327179210901
1 0.2928083992,1638874327191890001
0 1.21972422401,1638874327199136018
1 0.306222848645,1638874327203210115
2 0.0643961440172,1638874327213987112
0 1.2234186093,1638874327219234943
0 1.22480879823,1638874327239168882
1 0.323693596128,1638874327240835905
2 0.0745453494744,1638874327253796100
0 1.22517164151,1638874327259346008
2 0.0745512551426,1638874327274285078
0 1.22488997976,1638874327279208898
1 0.325467915933,1638874327281750917
2 0.0725661163289,1638874327293957948
0 1.22380854289,1638874327299336910
2 0.0794022831395,1638874327314487934
0 1.22079457442,1638874327319710016
2 0.0783353935787,1638874327334522008
1 0.325629708572,1638874327337651968
0 1.21033217112,1638874327339590072
2 0.0778925172685,1638874327354697942
1 0.325739607759,1638874327355012893
0 1.19572810928,1638874327359621047
2 0.0665943470702,1638874327374241113
0 1.17678324977,1638874327379467010
1 0.321502137186,1638874327388746976
2 0.0659581801145,1638874327394016027
0 1.15308700601,1638874327399302959
2 0.0474124950235,1638874327413840055
0 1.12343107263,1638874327419209957
1 0.286256856652,1638874327422588109
2 0.0469069799668,1638874327434068918
0 1.08784784476,1638874327439395904
2 0.0296241234881,1638874327453924894
0 1.05288983981,1638874327459651947
1 0.229030592979,1638874327469907045
2 0.02953083051,1638874327473911046
0 1.01566274563,1638874327479453086
0 0.972722486654,1638874327499324083
2 0.00409881919774,1638874327514087915
0 0.927595810094,1638874327519320964
1 0.19403051312,1638874327521359920
1 0.154625183414,1638874327536509990
0 0.885338381925,1638874327539340019
2 -0.0686067673858,1638874327553837060
0 0.847246722379,1638874327559295892
1 0.062155893213,1638874327559851884
2 -0.0693922305921,1638874327573942899
0 0.810058013597,1638874327579168081
2 -0.0799967233041,1638874327593888044
0 0.779142514863,1638874327599220037
1 0.0211717422415,1638874327600270032
2 -0.0954530860702,1638874327614011049
0 0.749658719697,1638874327619301080
2 -0.13476657045,1638874327633866071
0 0.722579673925,1638874327639180898
1 -0.0445593864102,1638874327645096063
2 -0.136493853852,1638874327653923034
0 0.694317654767,1638874327659441947
2 -0.15177060356,1638874327674175977
0 0.673189298311,1638874327679498910
2 -0.151706308252,1638874327694428920
0 0.659030393758,1638874327699666976
2 -0.1688928987,1638874327714134931
1 -0.074177938999,1638874327714987039
0 0.649132267633,1638874327719476938
1 -0.101722130871,1638874327729722976
2 -0.169302988688,1638874327733742952
0 0.639638439813,1638874327739197969
1 -0.135466611218,1638874327740464925
0 0.629134968915,1638874327759289979
2 -0.197833790923,1638874327773792028
0 0.621699408689,1638874327779222011
1 -0.155950990932,1638874327785638093
0 0.618505791822,1638874327799376964
2 -0.203540007395,1638874327814050912
0 0.616656915345,1638874327819458007
1 -0.163139545528,1638874327836606025
0 0.616343454519,1638874327839322090
1 -0.164621365605,1638874327845771074
2 -0.219050756587,1638874327853965997
0 0.615820483365,1638874327859396934
2 -0.219443167891,1638874327874185085
0 0.613813714185,1638874327879858016
1 -0.164675242582,1638874327880611896
2 -0.224190101911,1638874327894222021
0 0.613103584447,1638874327899638891
2 -0.224589330451,1638874327914515018
0 0.613115326562,1638874327919632911
2 -0.224586691611,1638874327934552907
0 0.613883868852,1638874327939666986
1 -0.163235637618,1638874327953861951
2 -0.224550083058,1638874327954036951
0 0.615715519586,1638874327959388971
1 -0.163698288773,1638874327963622093
1 -0.163551719138,1638874327968203067
2 -0.224002214991,1638874327974050045
0 0.619373754659,1638874327979242086
1 -0.161692599438,1638874327979388952
2 -0.223950297646,1638874327993748903
0 0.622630314031,1638874327999231100
1 -0.157724753469,1638874328012103080
2 -0.220807199668,1638874328013915061
0 0.625822261968,1638874328019355058
2 -0.220749371198,1638874328034008026
0 0.632066980996,1638874328039279937
0 0.6433430473,1638874328059313058
1 -0.14725939674,1638874328061491966
2 -0.216904421802,1638874328074050903
0 0.664120511213,1638874328079608917
0 0.693957404294,1638874328099581003
1 -0.137543318793,1638874328111315011
2 -0.203705602752,1638874328114131927
0 0.724218622842,1638874328119534015
0 0.744619862237,1638874328139524936
2 -0.173153991833,1638874328154138088
0 0.752154544988,1638874328159475088
1 -0.0888704382643,1638874328165214061
0 0.76043225924,1638874328179480075
2 -0.174530357715,1638874328193881988
1 -0.0629739152718,1638874328198865890
0 0.776150600114,1638874328199338912
1 -0.053642991376,1638874328212579011
2 -0.174995064596,1638874328213788032
0 0.801444009939,1638874328219363927
2 -0.135531359717,1638874328233963012
0 0.83607991139,1638874328239388942
1 -0.0265873838328,1638874328249002933
2 -0.117853335295,1638874328253848075
0 0.868182436624,1638874328259608030
2 -0.110280502427,1638874328274107933
0 0.897820786634,1638874328279375076
2 -0.110022833663,1638874328294152021
0 0.930820421377,1638874328299818992
1 0.00408826620515,1638874328303900957
2 -0.0793209619678,1638874328313932895
0 0.97208042542,1638874328319406032
1 0.0292875927116,1638874328320883035
1 0.0598216254278,1638874328331870079
2 -0.0781218718545,1638874328333754062
0 1.02480925719,1638874328339210033
1 0.0956218899885,1638874328342413902
2 -0.0340600302422,1638874328353955030
0 1.08549268643,1638874328359375953
2 -0.0330383946265,1638874328373857975
1 0.136883371583,1638874328375144004
0 1.14695973794,1638874328379296064
0 1.19492720167,1638874328399452924
2 0.0223345823697,1638874328414495944
0 1.22349543969,1638874328419996976
0 1.23785819212,1638874328439930915
1 0.193902499933,1638874328450740098
2 0.0606527586679,1638874328453958034
0 1.2471152703,1638874328459352016
1 0.253338248739,1638874328465761899
1 0.294731943889,1638874328477332115
0 1.25723652641,1638874328479212999
1 0.316145160069,1638874328488418102
2 0.076455964691,1638874328493757963
0 1.2654120485,1638874328499275922
1 0.326461501849,1638874328511035919
2 0.0768699117268,1638874328513766050
0 1.27112634579,1638874328519273996
1 0.336356612006,1638874328521133899
2 0.0988830308202,1638874328533966064
0 1.27286820213,1638874328539383888
2 0.100212015595,1638874328553797006
1 0.344583064353,1638874328554790973
0 1.27319134871,1638874328559369087
1 0.345986571863,1638874328559385061
2 0.104445399287,1638874328573975086
0 1.27380119363,1638874328579555988
2 0.104619878417,1638874328593884944
1 0.34581774585,1638874328597598075
0 1.27423913876,1638874328599262952
2 0.105894364402,1638874328614110946
0 1.27423475782,1638874328619570016
2 0.105922605082,1638874328634717941
0 1.2741190354,1638874328639741897
2 0.105855873738,1638874328654460906
0 1.27391000191,1638874328659918069
1 0.345686204754,1638874328663479089
2 0.105846775724,1638874328674566984
1 0.345794492358,1638874328678968906
0 1.27339841525,1638874328680062055
0 1.27154584328,1638874328699611902
1 0.345919030915,1638874328699621915
1 0.346057536756,1638874328707931995
2 0.105248792261,1638874328713864088
0 1.26635690133,1638874328719688892
1 0.343718030887,1638874328737375020
0 1.25997965137,1638874328739517927
2 0.101669155619,1638874328753942012
0 1.25134094159,1638874328759505033
0 1.23694925109,1638874328779515027
2 0.0882228933045,1638874328794157981
0 1.22167955438,1638874328799773931
1 0.328547344598,1638874328805659055
2 0.0875960216428,1638874328813940048
0 1.20894534985,1638874328819411993
2 0.0803020222347,1638874328833961963
1 0.314409006923,1638874328836064100
0 1.19546939532,1638874328839519977
1 0.299768984224,1638874328852202892
2 0.073412368706,1638874328853756904
0 1.18066431681,1638874328859472036
2 0.0661980700765,1638874328873915910
1 0.287145113986,1638874328876904964
0 1.16208966176,1638874328879271030
2 0.065863173732,1638874328893995046
0 1.143169866,1638874328899386882
2 0.0464375217366,1638874328913820028
0 1.12312390009,1638874328919267892
1 0.251933394851,1638874328922207117
2 0.0460762348009,1638874328933845043
0 1.1013187627,1638874328939281940
2 0.0362620616151,1638874328953960895
0 1.07842971484,1638874328959633111
2 0.0362657083614,1638874328974234104
0 1.05008383194,1638874328979847908
1 0.211650496481,1638874328982332944
2 0.0111550702325,1638874328994282960
0 1.01982350747,1638874328999617099
2 0.00988728219475,1638874329014167070
0 0.989641384282,1638874329019607067
1 0.191065608828,1638874329027277946
0 0.958343819776,1638874329039587974
1 0.160837515361,1638874329051701068
2 -0.01803352935,1638874329054151058
0 0.925180510679,1638874329059488058
1 0.129249869414,1638874329069093942
0 0.888530270257,1638874329079370021
2 -0.054928704854,1638874329093879938
0 0.853580550351,1638874329099427938
1 0.064347908275,1638874329100934028
0 0.819995836416,1638874329119635105
2 -0.0899494662627,1638874329133944034
0 0.783399836221,1638874329139777898
1 -0.0105510308936,1638874329152237892
2 -0.0900344282545,1638874329154006958
0 0.750006632009,1638874329159863948
2 -0.119483480462,1638874329173993110
0 0.720409945646,1638874329179630994
2 -0.133974225377,1638874329194216966
0 0.700377003351,1638874329199748039
1 -0.077144117958,1638874329206342935
2 -0.143979780582,1638874329214119911
0 0.682847694555,1638874329219746112
2 -0.144746029261,1638874329234241008
0 0.669529096284,1638874329239715099
1 -0.104128799503,1638874329247534036
2 -0.163535593766,1638874329254013061
0 0.660487727323,1638874329259521007
1 -0.125034593786,1638874329265458106
2 -0.163914151621,1638874329274241924
0 0.658037916818,1638874329279484033
1 -0.138433879577,1638874329285413980
2 -0.191885878246,1638874329293868064
0 0.658871249357,1638874329299422979
2 -0.192028257411,1638874329313906908
0 0.659860805669,1638874329319531917
1 -0.148055786213,1638874329328485012
2 -0.194893305299,1638874329333853960
0 0.661553517976,1638874329339634895
2 -0.194853811513,1638874329354052066
0 0.664611415067,1638874329359631061
1 -0.147630023814,1638874329370285034
0 0.668839589753,1638874329379595994
2 -0.194280469736,1638874329394027948
0 0.675012067952,1638874329399409055
0 0.684107975164,1638874329419769048
1 -0.139588366039,1638874329432646036
2 -0.193973500818,1638874329433904886
0 0.696004764238,1638874329439346075
1 -0.13135763156,1638874329455476045
0 0.699135021367,1638874329459351062
1 -0.120277187109,1638874329466301918
2 -0.185994528051,1638874329473843097
0 0.702714280286,1638874329479582071
2 -0.18592403,1638874329493839979
0 0.70958735148,1638874329499351978
1 -0.116147816531,1638874329499368906
2 -0.178883241618,1638874329514225006
0 0.72170199553,1638874329519670963
2 -0.172696171022,1638874329534291028
0 0.739946321645,1638874329539742946
2 -0.163567571543,1638874329554229021
0 0.763137833276,1638874329559837102
1 -0.102392615429,1638874329565793037
2 -0.162682160624,1638874329573878049
0 0.785777823129,1638874329579607963
2 -0.145219430937,1638874329593954086
0 0.800147906938,1638874329599472999
1 -0.0862795535618,1638874329599675893
1 -0.0644459901713,1638874329610573053
2 -0.145131818833,1638874329613749980
0 0.813326732316,1638874329619508028
2 -0.135570600121,1638874329633790969
0 0.83026494185,1638874329639578104
1 -0.0298902140381,1638874329641293048
2 -0.135353347385,1638874329654043912
0 0.849669651189,1638874329659493923
2 -0.123593318669,1638874329674016952
0 0.867878929773,1638874329679435014
1 0.00500903027302,1638874329684864044
2 -0.123464027725,1638874329694210052
0 0.883075551191,1638874329699718952
0 0.89851434628,1638874329720004081
2 -0.106975831014,1638874329734456062
0 0.916048125425,1638874329739778995
1 0.0228541823753,1638874329752012968
0 0.935257152715,1638874329759537935
2 -0.0732135807151,1638874329773994922
0 0.957076028981,1638874329779568910
1 0.0329018467976,1638874329782818078
2 -0.0721813865344,1638874329793915987
1 0.0509710270148,1638874329798243045
0 0.977592484155,1638874329799377918
2 -0.0516649818263,1638874329813852071
0 0.994357542196,1638874329819482088
1 0.091787189244,1638874329820841073
2 -0.0432895130735,1638874329834119081
0 1.01330126921,1638874329839535951
2 -0.0446798237595,1638874329853903055
0 1.03413929144,1638874329859519004
1 0.125223865685,1638874329868314027
2 -0.0447186145031,1638874329873833894
0 1.05464591185,1638874329879754066
2 -0.020959728521,1638874329894094944
0 1.07728041808,1638874329899502038
2 -0.02028789832,1638874329914203882
0 1.09951661626,1638874329919717073
1 0.166367685975,1638874329928083896
2 0.00164078772525,1638874329934143066
0 1.11951391498,1638874329939644098
2 0.0023506997077,1638874329954197883
0 1.14222993056,1638874329959742069
1 0.189078886857,1638874329973330974
0 1.1641780595,1638874329979650974
1 0.210484749098,1638874329985284090
2 0.0200882709148,1638874329993854045
0 1.18286179105,1638874329999494075
1 0.23275300922,1638874330007692098
0 1.1989186267,1638874330019623041
2 0.0495952857881,1638874330033996105
0 1.21041722695,1638874330039508104
1 0.255347604924,1638874330052684068
0 1.21953179041,1638874330059731960
1 0.273758794644,1638874330065835952
2 0.0671105352394,1638874330074337005
0 1.2258491675,1638874330079615116
2 0.06724407594,1638874330093913078
0 1.22998215357,1638874330099530935
1 0.295761006871,1638874330103921890
2 0.0744292987023,1638874330113871097
0 1.23474122683,1638874330119596004
2 0.075118432608,1638874330134109020
0 1.23744128744,1638874330139657020
2 0.0763622755257,1638874330154097080
0 1.23787106673,1638874330159693002
1 0.305902850861,1638874330162514925
2 0.0763842328258,1638874330174232959
0 1.23779146472,1638874330179724931
2 0.0820629246742,1638874330194111108
0 1.237679557,1638874330199553966
1 0.309922820034,1638874330203032970
2 0.0824428059438,1638874330214150905
0 1.2373304526,1638874330219968080
0 1.23687885801,1638874330240204095
1 0.310011940874,1638874330240333080
2 0.0852510368873,1638874330254111051
1 0.310019672813,1638874330255675077
0 1.2356583635,1638874330259516000
1 0.310190277096,1638874330277126073
0 1.23184697429,1638874330279510974
2 0.0863270852558,1638874330294024944
0 1.22138895194,1638874330299705028
0 1.20812632243,1638874330319747924
2 0.0724948334816,1638874330334213972
0 1.19220157067,1638874330339683055
1 0.305432267837,1638874330346350908
2 0.0718219340385,1638874330353889942
0 1.17087744276,1638874330359510898
1 0.293402879709,1638874330373260021
2 0.056200644674,1638874330373748064
0 1.1408304731,1638874330379535913
1 0.279255914285,1638874330384756088
2 0.0447628317092,1638874330393970012
0 1.1134148101,1638874330399774074
2 0.0321957287343,1638874330413834095
0 1.08612085978,1638874330419586896
1 0.22738416345,1638874330421189069
2 0.0317290930856,1638874330434185981
0 1.05670137803,1638874330439517974
2 0.0217877291986,1638874330454328060
0 1.02194221417,1638874330459789991
2 0.0218495378341,1638874330474180936
0 0.98509205977,1638874330479722976
1 0.200401054609,1638874330480050086
2 -0.0248236612187,1638874330494076967
0 0.95181180636,1638874330499643087
2 -0.0264498077212,1638874330514190912
0 0.922406272092,1638874330519726037
1 0.170432945946,1638874330522001028
1 0.134635786651,1638874330534830093
0 0.89251329104,1638874330539558887
1 0.0981288599175,1638874330545763015
2 -0.0575891687223,1638874330553776979
1 0.0659053483323,1638874330556410074
0 0.863107160726,1638874330559478998
1 0.0345984305127,1638874330566669940
0 0.836273984113,1638874330579469919
2 -0.0844701132293,1638874330593797922
0 0.811630264917,1638874330599709987
1 0.00356104639132,1638874330602958917
0 0.789047793546,1638874330619704008
2 -0.110552633898,1638874330634206056
0 0.765114859739,1638874330639658927
1 -0.0476113429522,1638874330659107923
0 0.741744474569,1638874330659687995
2 -0.135746990615,1638874330674057006
0 0.722373203435,1638874330679696083
2 -0.135706310467,1638874330694037914
0 0.702480272451,1638874330699672937
1 -0.0715864421307,1638874330706535100
2 -0.154806457629,1638874330713728904
1 -0.0950042189836,1638874330717952966
0 0.686611489454,1638874330719454050
2 -0.176022226473,1638874330733855962
0 0.673103169599,1638874330739568948
1 -0.13276566126,1638874330740585088
2 -0.183326799786,1638874330753918886
0 0.661851243177,1638874330759598970
2 -0.183537353111,1638874330773932933
0 0.654298321405,1638874330779741048
2 -0.185548587134,1638874330793953895
1 -0.146631507554,1638874330794318914
0 0.652550176778,1638874330799540996
1 -0.156632108347,1638874330807590007
2 -0.185581797525,1638874330813801050
0 0.652792410054,1638874330819780111
1 -0.161318177956,1638874330827452898
2 -0.200106021523,1638874330833795070
0 0.653152064481,1638874330839499950
2 -0.200165771823,1638874330854098081
0 0.653659657636,1638874330859610080
1 -0.161368098809,1638874330865885019
1 -0.161230042358,1638874330870748996
0 0.655417935052,1638874330879612922
2 -0.202344307083,1638874330893968105
0 0.659970239797,1638874330899604082
1 -0.161538619613,1638874330915786981
0 0.669744865098,1638874330919800996
1 -0.160732161982,1638874330926913976
2 -0.201423131916,1638874330934088945
0 0.682287172475,1638874330939870119
0 0.693067983785,1638874330960102081
2 -0.185453768597,1638874330974467992
0 0.697946027913,1638874330979780912
1 -0.141852347325,1638874330983412981
2 -0.185258901775,1638874330994360923
0 0.700211898485,1638874330999736070
2 -0.19040147152,1638874331014039993
0 0.701882080236,1638874331019578933
1 -0.132195953071,1638874331019673109
1 -0.128034029739,1638874331031656026
2 -0.185675202092,1638874331033741950
0 0.70721973578,1638874331039530992
1 -0.127618713293,1638874331053244113
2 -0.180131417417,1638874331053783893
0 0.713616327443,1638874331059550046
1 -0.123441159647,1638874331063097000
2 -0.17993806558,1638874331074161052
0 0.723454848924,1638874331079466104
2 -0.171846113496,1638874331093898057
0 0.73720289866,1638874331099586963
1 -0.117374149584,1638874331101686000
2 -0.171663086984,1638874331113930940
0 0.757672921815,1638874331119596004
2 -0.155704655852,1638874331134418010
0 0.783560589948,1638874331140104055
2 -0.155131903583,1638874331154558897
0 0.81060357491,1638874331160201072
2 -0.129266401895,1638874331174128055
1 -0.107032031295,1638874331178725004
0 0.830921546617,1638874331179703950
1 -0.0891079744387,1638874331192693948
2 -0.127730335448,1638874331193741083
0 0.83740206162,1638874331199522972
1 -0.0636483109128,1638874331203255891
0 0.838844494024,1638874331219603061
2 -0.121732721876,1638874331233867883
0 0.84213550488,1638874331239778041
1 -0.0376653361902,1638874331241166114
1 -0.0197104868963,1638874331251842021
1 -0.0185938630918,1638874331258208036
0 0.850574390092,1638874331259609937
2 -0.107288925922,1638874331273911952
0 0.866284505525,1638874331279587984
1 -0.0171025016529,1638874331284781932
2 -0.106482398583,1638874331293850898
1 -0.00830872782081,1638874331295214891
0 0.884572581449,1638874331299557924
2 -0.0935107420566,1638874331313863992
0 0.904297010103,1638874331319747924
2 -0.0837623110547,1638874331333883047
0 0.927333430448,1638874331339776992
1 0.00810673618739,1638874331341310024
1 0.020985334631,1638874331353358983
2 -0.0722429763544,1638874331353734016
0 0.945406035581,1638874331359692096
2 -0.0719177219216,1638874331373949050
0 0.959330455461,1638874331379657983
1 0.042996062579,1638874331387646913
2 -0.0582908225426,1638874331393767118
1 0.0612456409882,1638874331397984981
0 0.972206906476,1638874331399831056
2 -0.058061805279,1638874331414057016
0 0.982344524064,1638874331419619083
1 0.0751392220771,1638874331431041002
2 -0.0494858883525,1638874331433800935
0 0.994974509874,1638874331439583063
1 0.0864754950812,1638874331442228078
2 -0.0492605041386,1638874331453918933
0 1.01217134396,1638874331459711074
1 0.0969683743678,1638874331478920936
0 1.03225030104,1638874331479500055
2 -0.0307247983479,1638874331493993043
0 1.05007644097,1638874331499779939
0 1.06544621388,1638874331519663095
1 0.112852886428,1638874331530759096
2 -0.0115481716439,1638874331533857107
0 1.08269186417,1638874331539823055
0 1.10372950236,1638874331559910058
2 0.0123463790701,1638874331574193954
1 0.132336826335,1638874331577675104
0 1.1200287203,1638874331579730033
1 0.149065296126,1638874331593136072
2 0.0129103629073,1638874331593750953
0 1.13859377901,1638874331599554061
2 0.0293695058365,1638874331613785028
1 0.16550873371,1638874331617230892
0 1.16076217691,1638874331619760036
1 0.202910990002,1638874331628818035
2 0.0406671288245,1638874331633765935
0 1.18168406288,1638874331639612913
2 0.0410824832143,1638874331653863906
0 1.20053957502,1638874331660013914
1 0.247404608464,1638874331670939922
2 0.041035319513,1638874331673886060
0 1.21868930856,1638874331679843902
2 0.0559239627032,1638874331694020032
0 1.23226960103,1638874331699826002
2 0.056063100803,1638874331714111089
1 0.26594426771,1638874331718096017
0 1.24425290624,1638874331719732046
1 0.284465868234,1638874331732759952
2 0.08089030667,1638874331733741044
0 1.25538022915,1638874331739692926
2 0.0818027655164,1638874331753798007
1 0.297144333121,1638874331754630088
0 1.26362885634,1638874331759752988
0 1.26932035486,1638874331779603958
2 0.0942621094381,1638874331793951034
0 1.27422858874,1638874331799696922
1 0.317653879262,1638874331807169914
0 1.2771051387,1638874331819796085
2 0.0995546303812,1638874331834131002
0 1.27759642998,1638874331840240955
0 1.27760504285,1638874331860187053
1 0.327526064564,1638874331873105049
2 0.0972498629694,1638874331874027013
0 1.27719198267,1638874331879640102
1 0.327512139837,1638874331888405084
2 0.0972331264345,1638874331893799066
0 1.27674634854,1638874331899753093
2 0.106811620542,1638874331914201974
0 1.27539680997,1638874331919779062
1 0.327601094702,1638874331931020975
2 0.106360252969,1638874331933983087
1 0.327673215401,1638874331938705921
0 1.27098597685,1638874331939709901
1 0.327553654957,1638874331947376966
2 0.104084490488,1638874331953979015
0 1.25446947018,1638874331959858894
2 0.10357125464,1638874331974283933
0 1.23308433692,1638874331979684114
1 0.325212066644,1638874331983918905
2 0.0850733142813,1638874331994045019
0 1.21340514819,1638874331999778985
2 0.0846841178209,1638874332014224052
0 1.19646899501,1638874332020096063
2 0.0679223123169,1638874332034599065
0 1.17835711042,1638874332040273904
2 0.067270270805,1638874332054596900
0 1.16085200111,1638874332060305118
1 0.286176630162,1638874332070213079
2 0.0500608487846,1638874332073982954
0 1.1386167566,1638874332079925060
1 0.246992371916,1638874332086529016
2 0.0488656948149,1638874332093813896
0 1.1109816889,1638874332099728107
0 1.08301209013,1638874332119684934
1 0.202959780893,1638874332125248908
2 0.0427435659154,1638874332134210109
0 1.05210198561,1638874332139677047
0 1.01656110684,1638874332159775972
2 0.0157909097521,1638874332173923015
1 0.147240123896,1638874332175802946
0 0.98230828444,1638874332179747104
0 0.947805480161,1638874332199887990
2 -0.0298377622456,1638874332214035987
0 0.91530813376,1638874332219957113
1 0.110733682494,1638874332223308086
2 -0.0307774783483,1638874332233802080
1 0.0753951435511,1638874332235711097
0 0.882408038774,1638874332239651918
2 -0.0723176468819,1638874332253832101
0 0.846359924474,1638874332259681940
1 0.0401168397381,1638874332261707067
2 -0.09083176121,1638874332273962020
0 0.817321972051,1638874332279777050
2 -0.105408877781,1638874332294003963
0 0.78615512053,1638874332299801111
1 -0.030934897728,1638874332312556028
2 -0.10597574005,1638874332313865900
0 0.759624795118,1638874332319756984
2 -0.117645889723,1638874332334142923
0 0.732936636606,1638874332339880943
2 -0.117347199118,1638874332354058027
0 0.716979042688,1638874332359843969
1 -0.0873510249012,1638874332362183094
2 -0.137714496337,1638874332374274015
0 0.708333925405,1638874332379992961
2 -0.138002224829,1638874332394098043
0 0.694099442163,1638874332400032997
1 -0.11408609838,1638874332406698942
1 -0.127746348823,1638874332419483900
0 0.683468119302,1638874332419657945
2 -0.156705138435,1638874332433849096
0 0.678584531942,1638874332439693927
1 -0.144714968699,1638874332439961910
0 0.674812213578,1638874332459788084
2 -0.183903384738,1638874332473839044
0 0.674906984964,1638874332479687929
1 -0.14954630797,1638874332482927083
1 -0.150449211597,1638874332488933086
0 0.674673811593,1638874332500080108
2 -0.193518157479,1638874332514056921
0 0.673490122953,1638874332519839048
1 -0.150581550824,1638874332526730060
2 -0.193817401169,1638874332533813953
0 0.673868672052,1638874332539875030
2 -0.1945531988,1638874332554379940
0 0.674706713357,1638874332560138940
2 -0.194159137747,1638874332574623107
0 0.6755862991,1638874332580495119
1 -0.150285036093,1638874332592083930
2 -0.19372681992,1638874332594388961
0 0.676782027879,1638874332600142002
2 -0.193652656009,1638874332614499092
0 0.680056647458,1638874332620126008
1 -0.150119439793,1638874332633568048
2 -0.191727186986,1638874332634773015
0 0.689548985162,1638874332640117883
2 -0.191173323563,1638874332654548883
0 0.705740884939,1638874332660168886
0 0.712349132695,1638874332679851055
1 -0.14933583017,1638874332683115959
2 -0.178615406304,1638874332693830013
1 -0.140328577579,1638874332696638107
0 0.717992262044,1638874332699740886
1 -0.126534886442,1638874332707732915
0 0.726383642354,1638874332719907999
2 -0.176979686467,1638874332733890056
0 0.742332176366,1638874332739790916
1 -0.12238935355,1638874332751286983
0 0.770848170915,1638874332759943008
1 -0.114151628147,1638874332761481046
2 -0.148442178021,1638874332773932933
0 0.801838294664,1638874332779870986
2 -0.147759358965,1638874332793870925
1 -0.0694072473124,1638874332795968055
0 0.812059239545,1638874332799714088
2 -0.147263605724,1638874332813863992
0 0.821121350923,1638874332819866895
2 -0.14336069158,1638874332834063053
0 0.830085233846,1638874332840182065
1 -0.047679739758,1638874332848217964
2 -0.138908747312,1638874332854095935
0 0.838526384034,1638874332860023975
2 -0.138605830777,1638874332874205112
0 0.844113067785,1638874332880022048
2 -0.120372877019,1638874332894011974
1 -0.0388682485676,1638874332895752906
0 0.845104531446,1638874332899893045
2 -0.120336597431,1638874332913851976
0 0.844921604791,1638874332920099020
1 -0.0300373759449,1638874332931232929
2 -0.113531214667,1638874332933768987
0 0.844843582311,1638874332940043926
1 -0.0179974825906,1638874332942090988
2 -0.113533361781,1638874332953972101
0 0.844383970895,1638874332959805011
1 -0.0178680096414,1638874332966039896
2 -0.115342267905,1638874332973778009
0 0.843898729482,1638874332979907989
2 -0.115420056511,1638874332993999004
0 0.843740359941,1638874332999816894
1 -0.0178291980576,1638874333013966083
0 0.842913464704,1638874333019855976
1 -0.017716020253,1638874333020983934
2 -0.109810970076,1638874333033991098
0 0.842084840932,1638874333040000915
1 -0.0175732562929,1638874333057389974
0 0.841642336049,1638874333059899091
1 -0.0175000360579,1638874333064450025
2 -0.110835780009,1638874333074208974
0 0.840962008634,1638874333080075025
2 -0.11085302254,1638874333094459056
0 0.840292171636,1638874333100189924
1 -0.0173948941988,1638874333113962888
2 -0.111470368875,1638874333114481925
0 0.839748934903,1638874333120382070
2 -0.111756715881,1638874333134500026
0 0.839645222822,1638874333140317916
2 -0.111810171576,1638874333154645919
0 0.839515344301,1638874333160413980
1 -0.0171288845133,1638874333168773889
2 -0.111817417743,1638874333174285888
1 -0.0169627247282,1638874333179333925
0 0.839110807576,1638874333179956912
1 -0.0169416491314,1638874333192785024
2 -0.112101676665,1638874333193780899
0 0.838453904786,1638874333200011968
2 -0.112119631935,1638874333213958024
0 0.838155523935,1638874333220029115
2 -0.112509413408,1638874333233999967
1 -0.0167497984547,1638874333238056898
0 0.837872163453,1638874333239969015
2 -0.112516233976,1638874333253977060
0 0.837909237542,1638874333260030031
0 0.838101522126,1638874333280178070
1 -0.0167127975929,1638874333292069911
2 -0.112713216274,1638874333294428110
0 0.838232056299,1638874333300477027
0 0.838281170526,1638874333320269107
2 -0.112475613232,1638874333334501981
1 -0.0166695999111,1638874333340048074
0 0.838380889097,1638874333340265035
1 -0.0161083105556,1638874333356035947
0 0.838563934961,1638874333359791994
1 -0.0161467675833,1638874333364984035
1 -0.0160602962006,1638874333369236946
2 -0.112564805826,1638874333373789072
0 0.838763610521,1638874333380083084
2 -0.112571686257,1638874333394196987
0 0.839073197046,1638874333399916887
1 -0.0162784880335,1638874333412825107
2 -0.112085276145,1638874333413856983
0 0.839473919072,1638874333420000076
2 -0.111741408278,1638874333434529066
0 0.839877978959,1638874333440196990
2 -0.111532051513,1638874333454586982
0 0.840229169526,1638874333460211038
1 -0.0162746255788,1638874333462985038
2 -0.111517431768,1638874333474579095
1 -0.0163161810824,1638874333478599071
0 0.84079153935,1638874333480633974
2 -0.111322338305,1638874333493990898
1 -0.0165604950065,1638874333495351076
0 0.841175631681,1638874333499774932
1 -0.015855640636,1638874333517107009
0 0.841257707277,1638874333519844055
2 -0.11128234151,1638874333533884048
0 0.841278688112,1638874333539829969
1 -0.0159585959566,1638874333552400112
2 -0.111299669844,1638874333553736925
1 -0.0159631752984,1638874333557105064
0 0.841336087384,1638874333559818983
0 0.841467754045,1638874333580017089
2 -0.110839038199,1638874333593935012
0 0.841559724012,1638874333600045919
1 -0.015207011314,1638874333602008104
1 -0.0148112374261,1638874333610013961
2 -0.110793624022,1638874333613769054
0 0.841637329259,1638874333619950056
2 -0.110791361442,1638874333634143114
0 0.841625050702,1638874333640136957
1 -0.014908603767,1638874333643584966
1 -0.014912065063,1638874333653287887
2 -0.110958621205,1638874333654223918
0 0.841577724614,1638874333660238981
2 -0.110960810376,1638874333674200057
0 0.841621116796,1638874333680072069
2 -0.110759814726,1638874333694210052
1 -0.0147601230426,1638874333694312095
0 0.841672078767,1638874333699958086
1 -0.0147571460109,1638874333703660964
2 -0.110757417634,1638874333713963031
0 0.841661409536,1638874333720233917
1 -0.0146832800958,1638874333735913991
0 0.841672555604,1638874333739907026
2 -0.11074283368,1638874333753979921
0 0.841629223028,1638874333760267019
0 0.84165234963,1638874333780075073
1 -0.013829485741,1638874333791805028
2 -0.110780102292,1638874333793929100
1 -0.013842622461,1638874333798475027
0 0.84167994658,1638874333799932003
2 -0.110779006138,1638874333813898086
1 -0.0138229020432,1638874333819710016
0 0.841631070771,1638874333819952011
1 -0.0133512233062,1638874333829051971
2 -0.110762894966,1638874333833692073
0 0.84168507258,1638874333840157985
2 -0.110953507628,1638874333854011058
0 0.841742352643,1638874333859896898
1 -0.0132638011461,1638874333861282110
1 -0.0133279917983,1638874333865421056
2 -0.110935137012,1638874333873930931
0 0.841763750711,1638874333880081892
2 -0.110934753637,1638874333894196033
0 0.84200306336,1638874333900259017
2 -0.110531974494,1638874333914439916
1 -0.0132573225216,1638874333919905900
0 0.84260876576,1638874333920568943
2 -0.110494146154,1638874333934457063
1 -0.0132755956844,1638874333937895059
0 0.845029191175,1638874333940311908
0 0.853001848855,1638874333960445880
1 -0.0133237700125,1638874333970093011
2 -0.108689531809,1638874333974541902
0 0.882925883928,1638874333980423927
0 0.937477962175,1638874334000313043
2 -0.0871699215511,1638874334014225959
0 1.01521636645,1638874334020190000
1 -0.0127123595749,1638874334022831916
0 1.10149894754,1638874334040224075
1 -0.000420691766007,1638874334050090074
2 0.0188711557809,1638874334053831100
0 1.16301782528,1638874334059884071
1 0.103218734874,1638874334061359882
2 0.0203356595977,1638874334074042081
0 1.20004133979,1638874334079886913
1 0.185793066686,1638874334090912103
2 0.0186659682172,1638874334093772888
0 1.22797335784,1638874334099841117
1 0.246957160404,1638874334101418018
2 0.0409306687625,1638874334114110946
0 1.24592141906,1638874334119985103
2 0.0605188211416,1638874334133815050
1 0.279038367674,1638874334134835958
0 1.25960202614,1638874334140037059
2 0.0612374804205,1638874334153861045
0 1.26918219129,1638874334159956932
2 0.087092539873,1638874334174191951
0 1.27736638586,1638874334180335044
2 0.0872554622173,1638874334194313049
0 1.28711561958,1638874334200244903
1 0.315299097385,1638874334200794935
2 0.0940733740081,1638874334214509010
0 1.29564626614,1638874334220438957
2 0.0942046396741,1638874334234411954
0 1.29988525907,1638874334240335941
1 0.324734037487,1638874334254100084
0 1.30005858938,1638874334259967088
1 0.333348862756,1638874334267653942
2 0.100326169919,1638874334273768901
1 0.347085809528,1638874334277334928
0 1.2993376414,1638874334279881954
0 1.29649223486,1638874334299974918
2 0.109802548734,1638874334313905000
0 1.28128610651,1638874334319924116
1 0.346029641546,1638874334323841094
2 0.109477250603,1638874334334011077
0 1.2348678271,1638874334340059995
2 0.0859058304452,1638874334353936910
0 1.14669658343,1638874334360081911
1 0.336592985473,1638874334373065948
2 0.0420671528555,1638874334373969078
0 1.04776348273,1638874334380215883
2 -0.00337131002062,1638874334394350051
0 0.957780973115,1638874334400015115
2 -0.00511118355071,1638874334413948059
0 0.866252736249,1638874334419913053
1 0.293325230008,1638874334419950008
2 -0.0777243876312,1638874334433954954
0 0.778048948446,1638874334439897060
1 0.209907696178,1638874334451443910
2 -0.0786510956628,1638874334453787088
0 0.712040678659,1638874334459830999
1 0.114783150992,1638874334462984085
1 0.0162863673518,1638874334473201990
2 -0.135220045477,1638874334473753929
0 0.654665962854,1638874334480021953
2 -0.135520222901,1638874334493875026
1 -0.0709354008255,1638874334495147943
0 0.619571880498,1638874334499859094
1 -0.132718352406,1638874334505108118
0 0.603112415471,1638874334519953966
2 -0.178995637438,1638874334533802986
1 -0.177571312341,1638874334538357973
0 0.598563627401,1638874334539870977
1 -0.190734884115,1638874334548821926
0 0.59875507752,1638874334560606956
2 -0.22466635659,1638874334574516057
0 0.59942956368,1638874334580363035
1 -0.192750324053,1638874334592681884
2 -0.225865379793,1638874334594506025
0 0.600139991441,1638874334600903987
2 -0.230093141808,1638874334614679098
0 0.600585297742,1638874334620481014
2 -0.230531333839,1638874334634156942
0 0.601046816507,1638874334640069961
1 -0.192596731535,1638874334640543937
1 -0.192561299699,1638874334647699117
2 -0.231320403555,1638874334653795003
0 0.601592318216,1638874334659885883
1 -0.191319559118,1638874334670984983
2 -0.231373052718,1638874334673727035
1 -0.191234576427,1638874334675261974
0 0.602424995103,1638874334679959058
2 -0.230661113648,1638874334693867921
0 0.603894726434,1638874334700253963
2 -0.230633480261,1638874334714061975
1 -0.191051525747,1638874334719476938
0 0.605349318185,1638874334720096111
0 0.606675521531,1638874334740365028
2 -0.22921229459,1638874334754585027
0 0.607243255773,1638874334760375022
1 -0.191050875027,1638874334773693084
0 0.608236388364,1638874334780370950
1 -0.191021224287,1638874334788254022
2 -0.228263748735,1638874334793881893
0 0.608880476156,1638874334799969911
1 -0.190577262865,1638874334815762996
0 0.610171691575,1638874334819912910
2 -0.22696881165,1638874334833921909
0 0.611307994523,1638874334840450048
1 -0.190729117009,1638874334851700067
2 -0.22695609476,1638874334853816032
1 -0.1906039775,1638874334859056949
0 0.611434177556,1638874334859858036
0 0.611693159738,1638874334879957914
2 -0.226051166067,1638874334894077062
0 0.612834290662,1638874334899991035
1 -0.190796192168,1638874334900167942
1 -0.190640688969,1638874334907836914
2 -0.225332352919,1638874334913881063
0 0.618483499685,1638874334920200109
2 -0.225207053209,1638874334933922052
0 0.620894626775,1638874334940179109
1 -0.19071874438,1638874334942374944
2 -0.221464782365,1638874334953949928
1 -0.186681122039,1638874334960144042
0 0.622760728994,1638874334960175037
2 -0.221407514099,1638874334973901033
0 0.623701647916,1638874334980055093
1 -0.185874942259,1638874334991995096
2 -0.22198859026,1638874334993918895
0 0.623822168508,1638874335000032901
1 -0.185078983709,1638874335005489110
2 -0.221984943246,1638874335013953924
0 0.62405420939,1638874335020292997
1 -0.185101142982,1638874335033535957
0 0.624388591447,1638874335039946079
2 -0.220185401017,1638874335053874015
0 0.624436573186,1638874335059910058
0 0.624611155191,1638874335080013990
1 -0.183502410399,1638874335084403991
2 -0.219502716006,1638874335093859910
1 -0.183646124178,1638874335094361066
0 0.625402526059,1638874335100100040
