         0.0827       62.66
     0.156        62.77
     0.251        63.07
     0.295        63.53
     0.328        63.92
     0.362        64.45
     0.396        64.92
      0.43        65.52
     0.443        66.06
     0.476        66.38
     0.511        67.12
     0.534        67.52
     0.558        68.12
     0.582        68.72
     0.597        69.54
     0.622        70.34
     0.646        71.01
     0.681        71.68
     0.705        72.28
     0.741        73.22
     0.765        73.76
     0.789        74.29
     0.835        75.16
     0.848         75.7
     0.916        76.83
     0.992        77.48
      1.08        77.92
      1.16        78.16
      1.23        78.41
      1.29        78.52
      1.35        78.49
      1.47        78.37
      1.48        77.96
      1.49        77.75
      1.53         77.4
      1.56        76.98
      1.59         76.9
      1.59        76.69
      1.59        76.22
      1.61        75.67
      1.63        75.25
      1.68        74.82
      1.68        74.41
       1.7        74.06
      1.73        73.57
      1.74        73.23
      1.74        72.89
      1.74        72.68
      1.74        72.34
      1.76        72.06
      1.76        71.72
      1.76        71.45
      1.75        71.05
      1.75         70.7
      1.75        70.36
      1.76        69.95
      1.79         69.6
      1.81        69.18
      1.81        68.98
      1.81        68.71
       1.8        68.37
      1.81        67.89
      1.82        67.54
      1.84        67.26
      1.84        66.86
      1.88         66.5
      1.89        66.29
       1.9        65.67
       1.9        65.47
      1.91        65.06
      1.92        64.71
      1.96        64.29
      1.99           64
      2.01        63.72
      2.05        63.37
      2.12           63
      2.16        62.78
      2.24        62.61
      2.34         62.5
       2.4        62.48
      2.48        62.44
      2.51        62.57
      2.56        62.48
      2.62        62.59
      2.64        62.79
       2.7        63.04
       2.7        63.38
      2.72        63.71
      2.74        63.97
      2.78        64.57
      2.79         64.9
       2.8        65.17
      2.85        65.77
      2.86         65.9
      2.89         66.5
       2.9        67.04
      2.91        67.44
      2.91        67.85
      2.95        68.32
      2.99        68.57
         3        68.97
      3.02        69.51
      3.02        70.26
      3.02         70.8
      3.03        71.07
      3.06        71.47
      3.09        71.93
      3.09        72.07
      3.11        72.54
      3.12        72.81
      3.14        73.14
      3.18         73.8
      3.21        74.13
      3.24        74.53
      3.26        74.93
      3.25        75.55
      3.28        75.74
      3.31        76.07
      3.33         76.4
      3.37        76.72
      3.42        76.91
      3.47        77.09
      3.54         77.2
       3.6        77.25
      3.65        77.23
      3.69        77.21
      3.73        77.12
      3.78        76.97
      3.83        76.74
      3.86        75.98
      3.89         75.7
      3.93        75.48
      3.93        74.73
      3.95        74.38
      3.98        74.09
      4.02        73.87
      4.02        73.53
      4.02        73.26
      4.02        72.79
      4.02        72.38
      4.01        72.24
      4.01        71.97
      4.01        71.56
      4.01        71.36
      4.02        71.02
      4.05        70.93
      4.05        70.73
      4.08        70.58
      4.09        70.31
       4.1         70.1
      4.11        69.75
       4.1        69.35
      4.12        68.93
      4.11         68.6
      4.13        68.32
      4.15        67.97
      4.17        67.62
      4.17        67.42
      4.17        67.07
      4.17        66.66
      4.17        66.32
      4.17        66.12
      4.18        65.91
      4.19         65.7
       4.2         65.5
      4.23        65.28
      4.26        64.93
      4.27        64.44
      4.26        64.11
      4.26        63.84
      4.26        63.29
      4.31        62.93
      4.35        62.51
      4.38        62.43
      4.41        62.14
      4.42        61.94
      4.48        61.37
      4.53        61.28
      4.64        61.23