     0.045      67.51
    0.0931      66.66
     0.107      67.15
     0.134      66.75
     0.155      65.59
     0.176      64.83
     0.182      65.86
     0.189      66.79
     0.195      67.64
     0.237      67.24
     0.264      66.97
     0.264      66.48
     0.278      65.86
     0.319      64.79
     0.347      65.63
     0.367      66.88
     0.373      67.95
     0.401      65.59
     0.435      66.48
     0.435      66.03
     0.442      65.27
     0.449      64.61
     0.484       65.1
     0.497      66.12
     0.524      66.16
     0.531      66.96
     0.551       67.9
     0.565      69.15
     0.592      70.35
     0.612      71.33
     0.632      72.57
     0.632         74
     0.638       74.8
     0.658      76.05
     0.672      77.78
     0.712      79.12
      0.72      77.87
      0.72      77.03
     0.727      75.51
     0.754      77.47
     0.795      77.38
     0.829      77.91
     0.829      77.02
     0.863      77.25
     0.863      78.27
      0.87      78.76
     0.883      79.12
     0.904      79.07
     0.986      79.38
      1.01      80.18
      1.03      79.25
      1.07      78.18
      1.09      77.24
      1.14         78
      1.16      76.62
      1.18      77.51
      1.18      78.17
      1.18      78.75
      1.18       79.2
       1.2      78.84
      1.23      78.57
      1.25      78.08
      1.27      78.48
      1.29      79.42
      1.29      79.06
      1.31      78.48
      1.34      78.08
      1.34      78.48
      1.36      79.06
      1.36      78.79
      1.38      78.44
       1.4       77.9
       1.4      77.64
       1.4       78.7
      1.45      79.24
      1.45      79.64
      1.46      80.71
      1.49      79.82
      1.49      79.28
      1.49      78.88
      1.49      78.66
      1.49      78.35
      1.49      77.86
      1.49      77.41
      1.52      80.04
      1.54      79.24
      1.55      78.66
      1.55      77.94
      1.55      77.37
      1.55      76.88
      1.55      76.52
      1.56      76.12
      1.58      75.67
       1.6      75.98
       1.6      77.01
      1.61      77.76
      1.64      77.05
      1.64      76.52
      1.66      76.25
      1.66       75.4
      1.67      74.91
      1.69      74.47
      1.71      76.03
       1.7      77.14
      1.76      76.74
      1.75      76.52
      1.75      76.03
      1.76      75.31
      1.76      74.91
      1.76      74.33
      1.77      73.84
      1.77      73.62
       1.8      73.22
       1.8      72.82
       1.8      72.42
      1.82      71.75
      1.87      71.04
      1.86      70.14
      1.88      69.57
      1.93      69.39
      1.97       69.3
         2      68.81
         2      68.54
      2.02      67.65
      2.04      67.25
      2.04      66.76
      2.05      68.27
      2.05      68.76
      2.06      69.87
      2.06      69.16
      2.08      68.54
       2.1      67.56
       2.1      66.49
       2.1      65.82
      2.14      66.62
      2.15      66.09
      2.17       65.6
       2.2      66.17
      2.21      65.77
      2.24      66.53
      2.25      66.93
      2.27      67.42
      2.28      67.02
       2.3      66.71
       2.3      66.35
      2.33      66.39
      2.33      66.62
      2.34      66.97
      2.34      67.37
      2.34       67.6
      2.36      68.09
      2.36      67.82
      2.37      67.51
      2.38      67.02
      2.39      66.39
       2.4      66.08
      2.41      67.46
      2.41      68.08
      2.41      68.44
      2.43      67.59
      2.43       67.1
      2.45      66.48
      2.46      66.75
      2.48      67.15
      2.49      66.79
      2.52      66.35
      2.54      66.57
      2.56      67.06
      2.61      67.01
      2.62      66.66
      2.62      66.21
      2.63      66.88
      2.65      67.55
      2.64      68.26
      2.67       68.7
      2.65      67.95
      2.68      67.28
      2.69      66.39
      2.71      66.25
      2.73      66.65
      2.77      66.47
      2.78      66.25
       2.8       66.7
      2.81      67.14
      2.85      66.78
       2.9      66.65
      2.93      66.56
      2.95      66.74
      2.96      66.16
      2.99      65.53
      3.02      65.31
      3.04       65.4
      3.06      65.09
      3.08      65.44
       3.1      65.93
       3.1      66.33
       3.1         67
      3.13      67.71
      3.16      68.69
      3.16      69.27
      3.18      70.12
      3.18      71.05
      3.19      71.85
      3.21      73.32
      3.22      74.08
      3.23      74.84
      3.26      75.82
      3.27      76.75
      3.28      78.09
      3.29      77.29
       3.3      76.35
      3.25      75.51
      3.31      74.48
      3.31       73.9
      3.31      73.32
      3.31      72.79
      3.32      72.34
      3.32       71.9
      3.33      71.01
      3.37      71.98
      3.35      73.41
      3.36      73.99
      3.38      73.59
      3.39      74.83
       3.4      75.86
      3.46      75.14
      3.47      76.12
      3.47       76.7
      3.48      77.37
      3.48      77.91
       3.5      78.53
      3.49      78.26
      3.51      78.88
      3.52      79.42
      3.52      79.91
      3.54       79.2
      3.56      78.71
      3.54      78.22
      3.53      77.95
      3.53      77.55
      3.53      77.19
      3.53      76.66
      3.53       76.3
      3.55      75.54
      3.55      75.14
      3.55      74.88
      3.55      74.16
      3.55      73.72
      3.57       74.7
      3.57      75.45
      3.57       75.9
      3.57      76.48
      3.58      77.15
      3.57       77.5
      3.57      78.04
      3.57      79.02
      3.57      79.42
      3.57         80
      3.59      80.66
      3.59      79.42
       3.6      78.97
       3.6      78.57
      3.61      78.26
      3.61      77.99
      3.61      77.68
      3.65      77.32
      3.66       77.1
      3.68       77.5
      3.68      78.17
       3.7      78.52
       3.7      77.81
       3.7      77.14
       3.7      76.83
       3.7      76.25
      3.74      76.83
      3.76      77.41
      3.76      78.34
      3.76      78.79
      3.76      79.41
       3.8      77.32
       3.8      77.14
      3.81      76.61
      3.82      77.01
      3.84      77.41
      3.85      77.63
      3.89      77.41
      3.94      77.63
      3.96      78.03
      3.97      78.39
      3.98      79.28
      3.99      79.81
      3.99      80.52
      4.04      79.81
      4.12      78.96
      4.13      78.25
      4.13      77.67
      4.18      77.18
      4.23      76.42
      4.26      76.11
      4.28      75.57
      4.28      74.91
      4.28      74.24
      4.28      73.39
      4.31      71.97
      4.32      71.34
      4.34      70.76
      4.39      71.16
      4.39      70.63
      4.42      70.09
       4.4       69.6
      4.42      68.98
      4.48      67.95
      4.52      67.95
      4.55      67.64
      4.56       67.2
      4.57      66.53
      4.57      66.08
      4.59      65.46
      4.62      66.35
      4.63      65.46
      4.65      64.65
      4.66      65.81
      4.66      66.17
      4.69       65.9
       4.7      66.57
      4.72      68.04
      4.75      67.06
      4.77      67.68
      4.77      68.71
       4.8      67.99
      4.81       67.1
      4.83      66.57
      4.86      66.79
      4.88      66.65
      4.89      66.92
      4.90      66.65
      4.91      66.52
      4.92      67.01