  0.0558        61.51
    0.0932        60.75
     0.111         60.2
     0.147        59.09
     0.205        58.39
     0.264        57.75
     0.333        57.11
     0.382        56.62
     0.453        56.32
     0.505        56.23
     0.545        56.01
      0.64        56.24
     0.693        56.49
     0.758        57.01
     0.811        57.26
     0.888        57.98
     0.931         58.3
      1.01        58.82
      1.07         59.2
      1.14        59.92
      1.21        60.64
      1.26        61.23
       1.3        61.69
      1.31        62.51
      1.31        63.32
      1.33        63.86
      1.37        64.53
      1.41        65.12
      1.43        65.59
      1.45         66.4
      1.52        66.92
      1.52        67.32
      1.54        67.86
      1.57        68.53
      1.63        68.98
      1.64        69.73
      1.66        70.47
       1.7        70.79
      1.74        71.12
      1.82         71.7
      1.86        71.75
      1.93        71.93
      2.01        72.16
      2.06        72.08
      2.12        71.98
       2.2        71.61
      2.28        71.17
      2.34        70.88
      2.42        70.37
      2.46        69.94
      2.49        69.25
      2.51        68.83
      2.51        68.49
      2.54         67.6
      2.58        67.17
      2.61        66.82
      2.61        66.61
      2.61         66.2
      2.62        65.66
      2.64        65.17
      2.67        64.95
       2.7        64.53
       2.7        64.26
       2.7        63.04
       2.7        62.63
      2.69        62.36
      2.68        61.95
      2.68        61.61
      2.69        61.07
      2.72        60.65
      2.74        60.43
      2.76        60.08
      2.77        59.81
      2.77        59.26
      2.77        58.65
      2.77        58.51
      2.78        57.97
      2.79        57.76
      2.81        57.34
      2.85        56.91
      2.88        56.56
      2.92        56.41
      3.04        56.02
       3.1        56.13
      3.14        56.25
      3.19        56.37
      3.26        56.61
      3.33        56.93
      3.36        57.18
      3.43        57.64
      3.47        58.43
      3.53        58.75
      3.59        59.14
      3.68        59.85
      3.72         60.1
      3.75        60.43
       3.8        60.75
      3.83        61.08
      3.84        61.62
      3.87        62.36
      3.87        62.84
      3.87        63.11
      3.89        63.65
       3.9        63.85
      3.92        64.04
      3.96        64.43
      3.97        65.04
      3.99        65.65
      4.03        66.04
      4.06        66.23
      4.08        66.77
      4.08        67.24
      4.09        67.78
      4.13        68.18
      4.15        68.71
      4.19        69.04
       4.2        69.31
       4.2        69.58
      4.21        69.98
      4.25        70.44
      4.28        70.71
      4.36        71.08
      4.41        71.26
      4.52        71.29
      4.57        71.13
      4.61        70.91
      4.65        70.62